Webots Project File version R2022a
perspectives: 000000ff00000000fd0000000300000000000001cd000003c8fc0100000002fb0000001a0044006f00630075006d0065006e0074006100740069006f006e0000000000000000140000000000000000fb0000001e00480074006d006c0052006f0062006f007400570069006e0064006f00770000000000000001cd000000000000000000000001000000c800000378fc0200000001fb0000001400540065007800740045006400690074006f00720000000016000003780000003f00ffffff0000000300000780000000c9fc0100000003fb0000000e0043006f006e0073006f006c00650100000000000005660000000000000000fb0000001a0043006f006e0073006f006c00650041006c006c0041006c006c0100000000000007800000006900fffffffb0000001a0043006f006e0073006f006c00650041006c006c0041006c006c0100000000000007800000000000000000000007800000031c00000001000000020000000100000008fc00000000
simulationViewPerspectives: 000000ff0000000100000002000000fa000002c40100000002010000000100
sceneTreePerspectives: 000000ff0000000100000002000000c0000000fa0100000002010000000200
minimizedPerspectives: 000000ff00000000fd0000000300000000000001cd000003c8fc0100000002fb0000001a0044006f00630075006d0065006e0074006100740069006f006e0000000000000000140000000000000000fb0000001e00480074006d006c0052006f0062006f007400570069006e0064006f00770000000000000001cd000000000000000000000001000000c800000378fc0200000001fb0000001400540065007800740045006400690074006f00720000000016000003780000003f00ffffff000000030000041600000052fc0100000003fb0000000e0043006f006e0073006f006c00650100000000000005660000000000000000fc00000000000004160000000000fffffffa000000000100000001fb0000001a0043006f006e0073006f006c00650041006c006c0041006c006c0100000000ffffffff0000000000000000fb0000001a0043006f006e0073006f006c00650041006c006c0041006c006c010000000000000780000000000000000000000780000003cc00000001000000020000000100000008fc00000000
maximizedDockId: 0
centralWidgetVisible: 1
projectionMode: PERSPECTIVE
orthographicViewHeight: 1
textFiles: -1
globalOptionalRendering: DistanceSensorRays
consoles: Console:All:All
renderingDevicePerspectives: e-puck0:camera;0;0.820513;0;0.126516
